-1 0 1.6449
-0.99 0 1.6449
-0.98 0 1.6449
-0.97 0 1.6449
-0.96 0 1.6449
-0.95 0 1.6449
-0.94 0 1.6449
-0.93 0 1.6449
-0.92 0 1.6449
-0.91 0 1.6449
-0.9 0 1.6449
-0.89 0 1.6449
-0.88 0 1.6449
-0.87 0 1.6449
-0.86 0 1.6449
-0.85 0 1.6449
-0.84 0 1.6449
-0.83 0 1.6449
-0.82 0 1.6449
-0.81 0 1.6449
-0.8 0 1.6449
-0.79 0 1.6449
-0.78 0 1.6449
-0.77 0 1.6449
-0.76 0 1.6449
-0.75 0 1.6449
-0.74 0 1.6449
-0.73 0 1.6449
-0.72 0 1.6449
-0.71 0 1.6449
-0.7 0 1.6449
-0.69 0 1.6449
-0.68 0 1.6449
-0.67 0 1.6449
-0.66 0 1.6449
-0.65 0 1.6449
-0.64 0 1.6449
-0.63 0 1.6449
-0.62 0 1.6449
-0.61 0 1.6449
-0.6 0 1.6449
-0.59 0 1.6449
-0.58 0 1.6449
-0.57 0 1.6449
-0.56 0 1.6449
-0.55 0 1.6449
-0.54 0 1.6449
-0.53 0 1.6449
-0.52 0 1.6449
-0.51 0 1.6449
-0.5 0 1.6449
-0.49 0 1.6449
-0.48 0 1.6449
-0.47 0 1.6449
-0.46 0 1.6449
-0.45 0 1.6449
-0.44 0 1.6449
-0.43 0 1.6449
-0.42 0 1.6449
-0.41 0 1.6449
-0.4 0 1.6449
-0.39 0 1.6449
-0.38 0 1.6449
-0.37 0 1.6449
-0.36 0 1.6449
-0.35 0 1.6449
-0.34 0 1.6449
-0.33 0 1.6449
-0.32 0 1.6449
-0.31 0 1.6449
-0.3 0 1.6449
-0.29 0 1.6449
-0.28 0 1.6449
-0.27 0 1.6449
-0.26 0 1.6449
-0.25 0 1.6449
-0.24 0 1.6449
-0.23 0 1.6449
-0.22 0 1.6449
-0.21 0 1.6449
-0.2 0 1.6449
-0.19 0 1.6449
-0.18 0 1.6449
-0.17 0 1.6449
-0.16 0 1.6449
-0.15 0 1.6449
-0.14 0 1.6449
-0.13 0 1.6449
-0.12 0 1.6449
-0.11 0 1.6449
-0.1 0 1.6449
-0.09 0 1.6449
-0.08 0 1.6449
-0.07 0 1.6449
-0.06 0 1.6449
-0.05 0 1.6449
-0.04 0 1.6449
-0.03 0 1.6449
-0.02 0 1.6449
-0.01 0 1.6449
7.5287e-16 0 1.6449
0.01 0 1.6549
0.02 0 1.6649
0.03 0 1.6749
0.04 0 1.6849
0.05 0 1.6949
0.06 0 1.7049
0.07 0 1.7149
0.08 0 1.7249
0.09 0 1.7349
0.1 0 1.7449
0.11 0 1.7549
0.12 0 1.7649
0.13 0 1.7749
0.14 0 1.7849
0.15 0 1.7949
0.16 0 1.8049
0.17 0 1.8149
0.18 0 1.8249
0.19 0 1.8349
0.2 0 1.8449
0.21 0 1.8549
0.22 0 1.8649
0.23 0 1.8749
0.24 0 1.8849
0.25 0 1.8949
0.26 0 1.9049
0.27 0 1.9149
0.28 0 1.9249
0.29 0 1.9349
0.3 0 1.9449
0.31 0 1.9549
0.32 0 1.9649
0.33 0 1.9749
0.34 0 1.9849
0.35 0 1.9949
0.36 0 2.0049
0.37 0 2.0149
0.38 0 2.0249
0.39 0 2.0349
0.4 0 2.0449
0.41 0 2.0549
0.42 0 2.0649
0.43 0 2.0749
0.44 0 2.0849
0.45 0 2.0949
0.46 0 2.1049
0.47 0 2.1149
0.48 0 2.1249
0.49 0 2.1349
0.5 0 2.1449
0.51 0 2.1549
0.52 0 2.1649
0.53 0 2.1749
0.54 0 2.1849
0.55 0 2.1949
0.56 0 2.2049
0.57 0 2.2149
0.58 0 2.2249
0.59 0 2.2349
0.6 0 2.2449
0.61 0 2.2549
0.62 0 2.2649
0.63 0 2.2749
0.64 0 2.2849
0.65 0 2.2949
0.66 0 2.3049
0.67 0 2.3149
0.68 0 2.3249
0.69 0 2.3349
0.7 0 2.3449
0.71 0 2.3549
0.72 0 2.3649
0.73 0 2.3749
0.74 0 2.3849
0.75 0 2.3949
0.76 0 2.4049
0.77 0 2.4149
0.78 0 2.4249
0.79 0 2.4349
0.8 0 2.4449
0.81 0 2.4549
0.82 0 2.4649
0.83 0 2.4749
0.84 0 2.4849
0.85 0 2.4949
0.86 0 2.5049
0.87 0 2.5149
0.88 0 2.5249
0.89 0 2.5349
0.9 0 2.5449
0.91 0 2.5549
0.92 0 2.5649
0.93 0 2.5749
0.94 0 2.5849
0.95 0 2.5949
0.96 0 2.6049
0.97 0 2.6149
0.98 0 2.6249
0.99 0 2.6349
1 0 2.6449
1.01 0 2.6549
1.02 0 2.6649
1.03 0 2.6749
1.04 0 2.6849
1.05 0 2.6949
1.06 0 2.7049
1.07 0 2.7149
1.08 0 2.7249
1.09 0 2.7349
1.1 0 2.7449
1.11 0 2.7549
1.12 0 2.7649
1.13 0 2.7749
1.14 0 2.7849
1.15 0 2.7949
1.16 0 2.8049
1.17 0 2.8149
1.18 0 2.8249
1.19 0 2.8349
1.2 0 2.8449
1.21 0 2.8549
1.22 0 2.8649
1.23 0 2.8749
1.24 0 2.8849
1.25 0 2.8949
1.26 0 2.9049
1.27 0 2.9149
1.28 0 2.9249
1.29 0.00887207 2.9349
1.3 0.0188721 2.9449
1.31 0.0288721 2.9549
1.32 0.0388721 2.9649
1.33 0.0488721 2.9749
1.34 0.0588721 2.9849
1.35 0.0688721 2.9949
1.36 0.0788721 3.0049
1.37 0.0888721 3.0149
1.38 0.0988721 3.0249
1.39 0.108872 3.0349
1.4 0.118872 3.0449
1.41 0.128872 3.0549
1.42 0.138872 3.0649
1.43 0.148872 3.0749
1.44 0.158872 3.0849
1.45 0.168872 3.0949
1.46 0.178872 3.1049
1.47 0.188872 3.1149
1.48 0.198872 3.1249
1.49 0.208872 3.1349
1.5 0.218872 3.1449
1.51 0.228872 3.1549
1.52 0.238872 3.1649
1.53 0.248872 3.1749
1.54 0.258872 3.1849
1.55 0.268872 3.1949
1.56 0.278872 3.2049
1.57 0.288872 3.2149
1.58 0.298872 3.2249
1.59 0.308872 3.2349
1.6 0.318872 3.2449
1.61 0.328872 3.2549
1.62 0.338872 3.2649
1.63 0.348872 3.2749
1.64 0.358872 3.2849
1.65 0.368872 3.2949
1.66 0.378872 3.3049
1.67 0.388872 3.3149
1.68 0.398872 3.3249
1.69 0.408872 3.3349
1.7 0.418872 3.3449
1.71 0.428872 3.3549
1.72 0.438872 3.3649
1.73 0.448872 3.3749
1.74 0.458872 3.3849
1.75 0.468872 3.3949
1.76 0.478872 3.4049
1.77 0.488872 3.4149
1.78 0.498872 3.4249
1.79 0.508872 3.4349
1.8 0.518872 3.4449
1.81 0.528872 3.4549
1.82 0.538872 3.4649
1.83 0.548872 3.4749
1.84 0.558872 3.4849
1.85 0.568872 3.4949
1.86 0.578872 3.5049
1.87 0.588872 3.5149
1.88 0.598872 3.5249
1.89 0.608872 3.5349
1.9 0.618872 3.5449
1.91 0.628872 3.5549
1.92 0.638872 3.5649
1.93 0.648872 3.5749
1.94 0.658872 3.5849
1.95 0.668872 3.5949
1.96 0.678872 3.6049
1.97 0.688872 3.6149
1.98 0.698872 3.6249
1.99 0.708872 3.6349
2 0.718872 3.6449
2.01 0.728872 3.6549
2.02 0.738872 3.6649
2.03 0.748872 3.6749
2.04 0.758872 3.6849
2.05 0.768872 3.6949
2.06 0.778872 3.7049
2.07 0.788872 3.7149
2.08 0.798872 3.7249
2.09 0.808872 3.7349
2.1 0.818872 3.7449
2.11 0.828872 3.7549
2.12 0.838872 3.7649
2.13 0.848872 3.7749
2.14 0.858872 3.7849
2.15 0.868872 3.7949
2.16 0.878872 3.8049
2.17 0.888872 3.8149
2.18 0.898872 3.8249
2.19 0.908872 3.8349
2.2 0.918872 3.8449
2.21 0.928872 3.8549
2.22 0.938872 3.8649
2.23 0.948872 3.8749
2.24 0.958872 3.8849
2.25 0.968872 3.8949
2.26 0.978872 3.9049
2.27 0.988872 3.9149
2.28 0.998872 3.9249
2.29 1.00887 3.9349
2.3 1.01887 3.9449
2.31 1.02887 3.9549
2.32 1.03887 3.9649
2.33 1.04887 3.9749
2.34 1.05887 3.9849
2.35 1.06887 3.9949
2.36 1.07887 4.0049
2.37 1.08887 4.0149
2.38 1.09887 4.0249
2.39 1.10887 4.0349
2.4 1.11887 4.0449
2.41 1.12887 4.0549
2.42 1.13887 4.0649
2.43 1.14887 4.0749
2.44 1.15887 4.0849
2.45 1.16887 4.0949
2.46 1.17887 4.1049
2.47 1.18887 4.1149
2.48 1.19887 4.1249
2.49 1.20887 4.1349
2.5 1.21887 4.1449
2.51 1.22887 4.1549
2.52 1.23887 4.1649
2.53 1.24887 4.1749
2.54 1.25887 4.1849
2.55 1.26887 4.1949
2.56 1.27887 4.2049
2.57 1.28887 4.2149
2.58 1.29887 4.2249
2.59 1.30887 4.2349
2.6 1.31887 4.2449
2.61 1.32887 4.2549
2.62 1.33887 4.2649
2.63 1.34887 4.2749
2.64 1.35887 4.2849
2.65 1.36887 4.2949
2.66 1.37887 4.3049
2.67 1.38887 4.3149
2.68 1.39887 4.3249
2.69 1.40887 4.3349
2.7 1.41887 4.3449
2.71 1.42887 4.3549
2.72 1.43887 4.3649
2.73 1.44887 4.3749
2.74 1.45887 4.3849
2.75 1.46887 4.3949
2.76 1.47887 4.4049
2.77 1.48887 4.4149
2.78 1.49887 4.4249
2.79 1.50887 4.4349
2.8 1.51887 4.4449
2.81 1.52887 4.4549
2.82 1.53887 4.4649
2.83 1.54887 4.4749
2.84 1.55887 4.4849
2.85 1.56887 4.4949
2.86 1.57887 4.5049
2.87 1.58887 4.5149
2.88 1.59887 4.5249
2.89 1.60887 4.5349
2.9 1.61887 4.5449
2.91 1.62887 4.5549
2.92 1.63887 4.5649
2.93 1.6449 4.5749
2.94 1.6449 4.5849
2.95 1.6449 4.5949
2.96 1.6449 4.6049
2.97 1.6449 4.6149
2.98 1.6449 4.6249
2.99 1.6449 4.6349
3 1.6449 4.6449
3.01 1.6449 4.6549
3.02 1.6449 4.6649
3.03 1.6449 4.6749
3.04 1.6449 4.6849
3.05 1.6449 4.6949
3.06 1.6449 4.7049
3.07 1.6449 4.7149
3.08 1.6449 4.7249
3.09 1.6449 4.7349
3.1 1.6449 4.7449
3.11 1.6449 4.7549
3.12 1.6449 4.7649
3.13 1.6449 4.7749
3.14 1.6449 4.7849
3.15 1.6449 4.7949
3.16 1.6449 4.8049
3.17 1.6449 4.8149
3.18 1.6449 4.8249
3.19 1.6449 4.8349
3.2 1.6449 4.8449
3.21 1.6449 4.8549
3.22 1.6449 4.8649
3.23 1.6449 4.8749
3.24 1.6449 4.8849
3.25 1.6449 4.8949
3.26 1.6449 4.9049
3.27 1.6449 4.9149
3.28 1.6449 4.9249
3.29 1.6451 4.9349
3.3 1.6551 4.9449
3.31 1.6651 4.9549
3.32 1.6751 4.9649
3.33 1.6851 4.9749
3.34 1.6951 4.9849
3.35 1.7051 4.9949
3.36 1.7151 5.0049
3.37 1.7251 5.0149
3.38 1.7351 5.0249
3.39 1.7451 5.0349
3.4 1.7551 5.0449
3.41 1.7651 5.0549
3.42 1.7751 5.0649
3.43 1.7851 5.0749
3.44 1.7951 5.0849
3.45 1.8051 5.0949
3.46 1.8151 5.1049
3.47 1.8251 5.1149
3.48 1.8351 5.1249
3.49 1.8451 5.1349
3.5 1.8551 5.1449
3.51 1.8651 5.1549
3.52 1.8751 5.1649
3.53 1.8851 5.1749
3.54 1.8951 5.1849
3.55 1.9051 5.1949
3.56 1.9151 5.2049
3.57 1.9251 5.2149
3.58 1.9351 5.2249
3.59 1.9451 5.2349
3.6 1.9551 5.2449
3.61 1.9651 5.2549
3.62 1.9751 5.2649
3.63 1.9851 5.2749
3.64 1.9951 5.2849
3.65 2.0051 5.2949
3.66 2.0151 5.3049
3.67 2.0251 5.3149
3.68 2.0351 5.3249
3.69 2.0451 5.3349
3.7 2.0551 5.3449
3.71 2.0651 5.3549
3.72 2.0751 5.3649
3.73 2.0851 5.3749
3.74 2.0951 5.3849
3.75 2.1051 5.3949
3.76 2.1151 5.4049
3.77 2.1251 5.4149
3.78 2.1351 5.4249
3.79 2.1451 5.4349
3.8 2.1551 5.4449
3.81 2.1651 5.4549
3.82 2.1751 5.4649
3.83 2.1851 5.4749
3.84 2.1951 5.4849
3.85 2.2051 5.4949
3.86 2.2151 5.5049
3.87 2.2251 5.5149
3.88 2.2351 5.5249
3.89 2.2451 5.5349
3.9 2.2551 5.5449
3.91 2.2651 5.5549
3.92 2.2751 5.5649
3.93 2.2851 5.5749
3.94 2.2951 5.5849
3.95 2.3051 5.5949
3.96 2.3151 5.6049
3.97 2.3251 5.6149
3.98 2.3351 5.6249
3.99 2.3451 5.6349
4 2.3551 5.6449
4.01 2.3651 5.6549
4.02 2.3751 5.6649
4.03 2.3851 5.6749
4.04 2.3951 5.6849
4.05 2.4051 5.6949
4.06 2.4151 5.7049
4.07 2.4251 5.7149
4.08 2.4351 5.7249
4.09 2.4451 5.7349
4.1 2.4551 5.7449
4.11 2.4651 5.7549
4.12 2.4751 5.7649
4.13 2.4851 5.7749
4.14 2.4951 5.7849
4.15 2.5051 5.7949
4.16 2.5151 5.8049
4.17 2.5251 5.8149
4.18 2.5351 5.8249
4.19 2.5451 5.8349
4.2 2.5551 5.8449
4.21 2.5651 5.8549
4.22 2.5751 5.8649
4.23 2.5851 5.8749
4.24 2.5951 5.8849
4.25 2.6051 5.8949
4.26 2.6151 5.9049
4.27 2.6251 5.9149
4.28 2.6351 5.9249
4.29 2.6451 5.9349
4.3 2.6551 5.9449
4.31 2.6651 5.9549
4.32 2.6751 5.9649
4.33 2.6851 5.9749
4.34 2.6951 5.9849
4.35 2.7051 5.9949
4.36 2.7151 6.0049
4.37 2.7251 6.0149
4.38 2.7351 6.0249
4.39 2.7451 6.0349
4.4 2.7551 6.0449
4.41 2.7651 6.0549
4.42 2.7751 6.0649
4.43 2.7851 6.0749
4.44 2.7951 6.0849
4.45 2.8051 6.0949
4.46 2.8151 6.1049
4.47 2.8251 6.1149
4.48 2.8351 6.1249
4.49 2.8451 6.1349
4.5 2.8551 6.1449
4.51 2.8651 6.1549
4.52 2.8751 6.1649
4.53 2.8851 6.1749
4.54 2.8951 6.1849
4.55 2.9051 6.1949
4.56 2.9151 6.2049
4.57 2.9251 6.2149
4.58 2.9351 6.2249
4.59 2.9451 6.2349
4.6 2.9551 6.2449
4.61 2.9651 6.2549
4.62 2.9751 6.2649
4.63 2.9851 6.2749
4.64 2.9951 6.2849
4.65 3.0051 6.2949
4.66 3.0151 6.3049
4.67 3.0251 6.3149
4.68 3.0351 6.3249
4.69 3.0451 6.3349
4.7 3.0551 6.3449
4.71 3.0651 6.3549
4.72 3.0751 6.3649
4.73 3.0851 6.3749
4.74 3.0951 6.3849
4.75 3.1051 6.3949
4.76 3.1151 6.4049
4.77 3.1251 6.4149
4.78 3.1351 6.4249
4.79 3.1451 6.4349
4.8 3.1551 6.4449
4.81 3.1651 6.4549
4.82 3.1751 6.4649
4.83 3.1851 6.4749
4.84 3.1951 6.4849
4.85 3.2051 6.4949
4.86 3.2151 6.5049
4.87 3.2251 6.5149
4.88 3.2351 6.5249
4.89 3.2451 6.5349
4.9 3.2551 6.5449
4.91 3.2651 6.5549
4.92 3.2751 6.5649
4.93 3.2851 6.5749
4.94 3.2951 6.5849
4.95 3.3051 6.5949
4.96 3.3151 6.6049
4.97 3.3251 6.6149
4.98 3.3351 6.6249
4.99 3.3451 6.6349
5 3.3551 6.6449
